 -5.0 7.064422134811091e-242
 -4.95 1.802153984997879e-239
 -4.9 4.4713988911647875e-237
 -4.8500000000000005 1.0790242309034698e-234
 -4.800000000000001 2.5325337661577762e-232
 -4.750000000000001 5.781167545354785e-230
 -4.700000000000001 1.2835480515691282e-227
 -4.650000000000001 2.771692023603121e-225
 -4.600000000000001 5.821220855861928e-223
 -4.550000000000002 1.1891029201885416e-220
 -4.500000000000002 2.3624415868426895e-218
 -4.450000000000002 4.56498102693126e-216
 -4.400000000000002 8.579325376473229e-214
 -4.350000000000002 1.5682076410644978e-211
 -4.3000000000000025 2.787983868618028e-209
 -4.250000000000003 4.8207344822646095e-207
 -4.200000000000003 8.107228836863503e-205
 -4.150000000000003 1.3260744757604054e-202
 -4.100000000000003 2.1095978024679037e-200
 -4.050000000000003 3.2641317310106873e-198
 -4.0000000000000036 4.912153782926537e-196
 -3.9500000000000037 7.189728592285832e-194
 -3.900000000000004 1.0235034300703464e-191
 -3.850000000000004 1.417106117841792e-189
 -3.8000000000000043 1.9083222230737907e-187
 -3.7500000000000044 2.499408872204908e-185
 -3.7000000000000046 3.183898180648165e-183
 -3.650000000000005 3.9447301443627684e-181
 -3.600000000000005 4.753480222387204e-179
 -3.550000000000005 5.5711178837643995e-177
 -3.5000000000000053 6.350519726129342e-175
 -3.4500000000000055 7.040645128447127e-173
 -3.4000000000000057 7.591924929117888e-171
 -3.350000000000006 7.962099846607517e-169
 -3.300000000000006 8.121562639152121e-167
 -3.250000000000006 8.057268595393463e-165
 -3.2000000000000064 7.774497871954882e-163
 -3.1500000000000066 7.296139365883526e-161
 -3.1000000000000068 6.659630863890101e-159
 -3.050000000000007 5.912122962903077e-157
 -3.000000000000007 5.104732903307703e-155
 -2.9500000000000073 4.286855580235217e-153
 -2.9000000000000075 3.5013937061780785e-151
 -2.8500000000000076 2.7815015422808423e-149
 -2.800000000000008 2.1490866571311516e-147
 -2.750000000000008 1.6149713227432852e-145
 -2.700000000000008 1.180353158282342e-143
 -2.6500000000000083 8.390645683971817e-142
 -2.6000000000000085 5.801162922874397e-140
 -2.5500000000000087 3.9009555999240844e-138
 -2.500000000000009 2.551309912137912e-136
 -2.450000000000009 1.622899736701891e-134
 -2.4000000000000092 1.0040525134273915e-132
 -2.3500000000000094 6.041675978500618e-131
 -2.3000000000000096 3.535857031878077e-129
 -2.2500000000000098 2.012649860686014e-127
 -2.20000000000001 1.1142381472639326e-125
 -2.15000000000001 5.9996246773303936e-124
 -2.1000000000000103 3.1420016369981735e-122
 -2.0500000000000105 1.6003869286342627e-120
 -2.0000000000000107 7.928295863908308e-119
 -1.9500000000000108 3.820066875732607e-117
 -1.900000000000011 1.790186788338671e-115
 -1.8500000000000112 8.159470824104893e-114
 -1.8000000000000114 3.617111566619462e-112
 -1.7500000000000115 1.5595456057486416e-110
 -1.7000000000000117 6.539891130267605e-109
 -1.650000000000012 2.6673451874178227e-107
 -1.600000000000012 1.058093850940822e-105
 -1.5500000000000123 4.082304756723891e-104
 -1.5000000000000124 1.5318735584918195e-102
 -1.4500000000000126 5.590835076176221e-101
 -1.4000000000000128 1.9845713018541474e-99
 -1.350000000000013 6.851615717631266e-98
 -1.3000000000000131 2.3006764733735823e-96
 -1.2500000000000133 7.513708984764045e-95
 -1.2000000000000135 2.3866539498401983e-93
 -1.1500000000000137 7.373281267361653e-92
 -1.1000000000000139 2.215482955569988e-90
 -1.050000000000014 6.47459026060683e-89
 -1.0000000000000142 1.8403161207181428e-87
 -0.9500000000000144 5.087551700882249e-86
 -0.9000000000000146 1.3679225385514237e-84
 -0.8500000000000147 3.577259446890761e-83
 -0.8000000000000149 9.09862231170283e-82
 -0.7500000000000151 2.250801005008133e-80
 -0.7000000000000153 5.415453455906794e-79
 -0.6500000000000155 1.2672690229203021e-77
 -0.6000000000000156 2.8842910016942196e-76
 -0.5500000000000158 6.384774972233434e-75
 -0.500000000000016 1.3746381105224764e-73
 -0.45000000000001616 2.878507923568545e-72
 -0.40000000000001634 5.862498475311182e-71
 -0.3500000000000165 1.1612729786645034e-69
 -0.3000000000000167 2.237289389546993e-68
 -0.2500000000000169 4.192241276256476e-67
 -0.20000000000001705 7.640233660188458e-66
 -0.15000000000001723 1.3542638201390765e-64
 -0.10000000000001741 2.3347273781038714e-63
 -5.0000000000017586e-2 3.914761786359583e-62
 -1.7763568394002505e-14 6.38426299251362e-61
 4.999999999998206e-2 1.0126338995956338e-59
 9.999999999998188e-2 1.5621776477211118e-58
 0.1499999999999817 2.3439300197773462e-57
 0.19999999999998153 3.420543575969609e-56
 0.24999999999998135 4.8549177658678885e-55
 0.29999999999998117 6.702007246617837e-54
 0.349999999999981 8.998376748619802e-53
 0.3999999999999808 1.1750591165183632e-51
 0.44999999999998064 1.492421594540732e-50
 0.49999999999998046 1.843569849946305e-49
 0.5499999999999803 2.214950035586947e-48
 0.5999999999999801 2.5882399436868263e-47
 0.6499999999999799 2.9415849915287656e-46
 0.6999999999999797 3.2515806554432656e-45
 0.7499999999999796 3.4957786502260853e-44
 0.7999999999999794 3.6553551979596535e-43
 0.8499999999999792 3.717504542648315e-42
 0.899999999999979 3.6771360245567253e-41
 0.9499999999999789 3.5375627130473526e-40
 0.9999999999999787 3.3100523633240626e-39
 1.0499999999999785 3.01232513102229e-38
 1.0999999999999783 2.6662759189997324e-37
 1.1499999999999782 2.2953271828479022e-36
 1.199999999999978 1.921853920369743e-35
 1.2499999999999778 1.5650651193236031e-34
 1.2999999999999776 1.2395975672090866e-33
 1.3499999999999774 9.549162468706913e-33
 1.3999999999999773 7.154612452203694e-32
 1.449999999999977 5.213666051573375e-31
 1.499999999999977 3.695188268689528e-30
 1.5499999999999767 2.5472184705267875e-29
 1.5999999999999766 1.7077806340677841e-28
 1.6499999999999764 1.1136128611958769e-27
 1.6999999999999762 7.062730845025008e-27
 1.749999999999976 4.35659650068404e-26
 1.7999999999999758 2.613715329677684e-25
 1.8499999999999757 1.5251251968389573e-24
 1.8999999999999755 8.65543644336402e-24
 1.9499999999999753 4.777588180543645e-23
 1.9999999999999751 2.564866208900008e-22
 2.049999999999975 1.3392355977752327e-21
 2.0999999999999748 6.801199555011083e-21
 2.1499999999999746 3.3593117980973066e-20
 2.1999999999999744 1.6138061905801577e-19
 2.2499999999999742 7.540301357945493e-19
 2.299999999999974 3.426591190553627e-18
 2.349999999999974 1.5145100133697953e-17
 2.3999999999999737 6.51055884396883e-17
 2.4499999999999735 2.7220785438878e-16
 2.4999999999999734 1.10692781497493e-15
 2.549999999999973 4.3779844349607125e-15
 2.599999999999973 1.6840903611777557e-14
 2.649999999999973 6.300758465382798e-14
 2.6999999999999726 2.292749130354018e-13
 2.7499999999999725 8.114401776757745e-13
 2.7999999999999723 2.7931402433946656e-12
 2.849999999999972 9.351154685898068e-12
 2.899999999999972 3.0449068027861964e-11
 2.9499999999999718 9.643152440686657e-11
 2.9999999999999716 2.9703000624488493e-10
 3.0499999999999723 8.898522049204165e-10
 3.0999999999999712 2.5928160226883144e-9
 3.14999999999997 7.347875465867557e-9
 3.199999999999971 2.0252942832732488e-8
 3.2499999999999716 5.429386402525485e-8
 3.2999999999999705 1.4156295821508442e-7
 3.3499999999999694 3.589920014179077e-7
 3.39999999999997 8.854339695068322e-7
 3.449999999999971 2.124045673889217e-6
 3.49999999999997 4.9557317157784925e-6
 3.5499999999999687 1.1245738687150361e-5
 3.5999999999999694 2.482015290208824e-5
 3.64999999999997 5.32791370229944e-5
 3.699999999999969 1.1123620798541163e-4
 3.749999999999968 2.2587669962929226e-4
 3.7999999999999687 4.461007525494317e-4
 3.8499999999999694 8.569011835406878e-4
 3.8999999999999684 1.6009021720687824e-3
 3.9499999999999673 2.90894231681809e-3
 3.999999999999968 5.140929987635196e-3
 4.049999999999969 8.836586514764098e-3
 4.099999999999968 1.4772828039788582e-2
 4.149999999999967 2.4020332548689835e-2
 4.199999999999967 3.798662007931376e-2
 4.249999999999968 5.842766831187956e-2
 4.299999999999967 8.74062969790092e-2
 4.349999999999966 0.12717541168802854
 4.399999999999967 0.1799698883772535
 4.449999999999967 0.24770387852992745
 4.499999999999966 0.3315904626424334
 4.549999999999965 0.43172531888623067
 4.599999999999966 0.5467002489198959
 4.649999999999967 0.6733289518467755
 4.6999999999999655 0.8065690817303852
 4.7499999999999645 0.9397062513675825
 4.799999999999965 1.064826685074425
 4.849999999999966 1.173551089214265
 4.899999999999965 1.257944092309928
 4.949999999999964 1.3114657203397733
 4.9999999999999645 1.329807601338109
